value1,value2,value3,value4,value5,value6,value7,value8,value9,value10,value11,value12,value13,value14
0.003948918980890566,0.01348144324186517,0.008198333462804255,0.005909238392472827,-0.0003834194600754366,0.0017480292842389671,-0.003981260013725499,0.01478881859391772,-0.006808688416600433,-0.01073855156065497,0.001130562892233999,0.001713819072726989,-0.010398009770526172,0.010913134223295635
-0.0066024624820591295,-0.0173730901302032,-0.002642129412312944,-0.03206643784536789,-0.004793857727103953,-0.01606757845486291,-0.005678824980835305,-0.007990171026914808,-0.01055786960898841,0.004087137224247734,0.001974895443194398,-0.023622155362628214,-0.01067542697934937,-0.002912105281342187
-0.008705237871477563,-0.019016439814330283,-0.008065057249940819,-0.02075517250473396,0.00022711042908821923,-0.00035529921250707276,0.0038980750210177557,-0.010302038223890692,-0.040105431815652653,0.004115005241176528,-0.02288935696773118,-0.006984125510618527,-0.016466798056675672,-0.010568198349707274
-0.01944379768186726,-0.004292001454478793,0.005996796039516267,-0.025367596591251648,-0.004250044469794356,-0.00016909627866239056,-0.01652881397947806,-0.03214096331555448,-0.003648253445393761,-0.01514658049513255,-0.014134718093628087,-0.009912774626859034,-0.010708171432966616,-0.01892300415235783
-0.003453907014363066,-0.04802069485946323,-0.011061239176195522,-0.019605649939712345,-0.008487111928703012,-0.001688723184537803,-0.007411279350331958,-0.02815194511459627,-0.023752282529448412,-0.005183573568874633,-0.007634899661746182,-0.024464050961413533,-0.011693102632650883,-0.005559187131459483
-0.013797583474496933,-0.009574143938901058,0.005467379645481512,-0.013928124918537687,-0.001423238618524764,-0.022868639015070035,-0.012864615205174349,-0.03163768548095982,-0.01851009932244047,-0.005173029505832007,-0.020198991377558796,-0.022018463515467098,-0.012952142361735912,-0.03502362448500729
-0.024400517612439176,-0.02542401826354947,-0.03623431356919954,-0.010804057026899832,-0.025359684097041285,-0.019963999190255367,-0.015647846345204837,-0.01768381293742883,-0.010016660648544394,-0.01829312943855111,-0.020670577271942492,-0.012066121248565397,-0.002712926798642204,-0.02115684811524561
-0.018495599453279853,-0.04441962661564935,-0.02353182101958943,-0.04720907601680893,-0.03318776854494372,-0.03252194785459035,-0.015741843832329207,-0.03519211338841007,-0.024606742595732256,-0.014280623459418305,-0.03366091798533615,-0.02254136305590123,-0.024873987532622738,-0.03688591076746267
-0.018109157176257037,-0.04258770130440712,-0.017157328390998677,-0.03753814864705066,-0.03186486511320622,-0.04875667262872801,-0.04131603896503762,-0.03509986411322084,-0.061953374667478085,-0.021320106678291484,-0.017723775804165322,-0.0662538836817989,-0.019065000468366785,-0.037129599100732075
-0.01602581339783475,-0.03277767709593678,-0.03942534931800254,-0.04225736195732477,-0.03722881070723291,-0.0528218272978077,-0.03359620430441547,-0.048087483558653166,-0.06054170639265051,-0.0491684248797733,-0.025974451523337605,-0.05161724358128701,-0.017346297442722203,-0.022019161688599884
-0.02227703469220708,-0.043016385890103155,-0.03183770696971736,-0.055113898938443664,-0.02772050413941032,-0.039890911302180004,-0.06462484036834155,-0.03769926469994465,-0.053324385283617874,-0.05527936720388695,-0.029069139363986782,-0.043062980902861765,-0.02105940233420798,-0.018783489848646393
-0.038026385172145676,-0.04840275957112804,-0.029514711213311888,-0.04275267594914406,-0.041495433333757464,-0.042383344406932026,-0.041625301228230854,-0.01399899587335844,-0.04321460595160784,-0.06364432262240585,-0.03039210384109647,-0.05238183267098128,-0.03325558306081597,-0.04058441839692678
-0.02111709512048954,-0.08359057345061056,-0.060336571912229006,-0.07321062361105027,-0.03719967979549575,-0.057487542730423516,-0.04924697697558774,-0.0367286331319841,-0.06867138544258425,-0.0625930530529789,-0.032169735362606956,-0.05620875350350622,-0.018413258385042333,-0.03881260094053089
-0.01603983624904316,-0.06517582753427971,-0.05847825653234842,-0.04234927010181966,-0.04692356514408745,-0.07598757426876968,-0.05125318797195832,-0.05749622543758786,-0.04840045721552468,-0.06170472271839098,-0.04067405050047886,-0.061262635676391945,-0.043686967731998885,-0.028681369787829585
-0.03662308406248534,-0.0732538177895073,-0.05501755431894331,-0.04941819971407802,-0.055180766695035834,-0.0633091457727362,-0.07982988852408801,-0.046176002125624796,-0.06723154148080157,-0.077235336338828,-0.06508299270561639,-0.07792870608504979,-0.04220513097168943,-0.042507047411055564
-0.024175615361794016,-0.07602743274985382,-0.05975203900575612,-0.051561630887472475,-0.0634786989459424,-0.07088164182557852,-0.07221340285458465,-0.07337997603450346,-0.08118568677719733,-0.06147516428794402,-0.055594799476943006,-0.07117551979646762,-0.03326332340563572,-0.04328077064541813
-0.03593097229995855,-0.08447753292074767,-0.05504688416442054,-0.060726125886547855,-0.05136235586352575,-0.0705422594960215,-0.07615765674119819,-0.05705933146310228,-0.045514869799809496,-0.08301801311699969,-0.054091152579005694,-0.07169386139884211,-0.04562169958644986,-0.04974822077167422
-0.03281494809681525,-0.08430839300246881,-0.07879019995122734,-0.07089119490945746,-0.0447758005784976,-0.08346010272124474,-0.06287120542602326,-0.04748167468351679,-0.04803057960508656,-0.08398068119667478,-0.04089293729530262,-0.08402350576294979,-0.046701072434442416,-0.06395653724384787
-0.03505591896527111,-0.06750915653352378,-0.06102191797413359,-0.11748148167991133,-0.0454481856469107,-0.04818288736119614,-0.08382393621350884,-0.049018915276181865,-0.08856293648515347,-0.06263988547828385,-0.06102444461621244,-0.07156463026075668,-0.03819245833992304,-0.060963672958525464
-0.037872543429640984,-0.0957192357239974,-0.08127123690454993,-0.08599033303453654,-0.0707993979738325,-0.06698034543765516,-0.10596429298095061,-0.06446242827260264,-0.07554781634127872,-0.08415817141635755,-0.07617472003536034,-0.11123455102836262,-0.07135231589108605,-0.05327726596775466
-0.04011003511840729,-0.108920821218484,-0.0987998925139415,-0.08466060738215338,-0.08200362651965735,-0.06509705148042753,-0.07721520706909944,-0.06689514523225387,-0.08764833396334329,-0.08200056003320326,-0.07559998079233116,-0.10568644248561061,-0.0608498889249668,-0.0683865865151657
-0.04628274434872019,-0.10620850763129643,-0.09001498503899207,-0.08149567501814453,-0.07791260364176547,-0.07774327334840092,-0.09646202747091165,-0.07341924612771958,-0.08061837308355302,-0.08901825413947642,-0.059313496145187286,-0.08734051003998121,-0.0421433782456425,-0.06472969812710307
-0.0486499277283893,-0.12006798921785088,-0.0867244949432151,-0.09432830292641166,-0.06179787635725928,-0.08986164706937404,-0.11711102730747659,-0.0721483470823206,-0.12618115671983485,-0.09575639017661179,-0.07284442447012526,-0.11458962881785856,-0.04893169187143747,-0.07382210739829652
-0.04147989192385707,-0.10800846302696984,-0.1042620082574892,-0.0995299114156368,-0.08120909099664501,-0.07950545404119029,-0.10970486190443296,-0.08734982170247818,-0.11016384642073586,-0.13013815541871884,-0.06303556743933045,-0.128703659832755,-0.05175107302620132,-0.06731164135471278
-0.05358293639414805,-0.12953036398604903,-0.09747935496452848,-0.12121523574803061,-0.08311554572919536,-0.095442686040414,-0.1033704249104674,-0.09217999027425496,-0.10303109524359219,-0.108751834387445,-0.0980457206925026,-0.09473137939110425,-0.06715220481678905,-0.07748729471514819
-0.05054339868720484,-0.14296741781026182,-0.10074916500490336,-0.11156039029084838,-0.09258300341207779,-0.09304931394125605,-0.11117604442668605,-0.09987116505765513,-0.12560678121461677,-0.09997564722869356,-0.06895913513521235,-0.136231582444298,-0.06605584255556284,-0.07838871206727434
-0.05672529432827008,-0.11810583581186473,-0.11732655115165563,-0.11053224356973322,-0.08932713130692098,-0.11425426088808262,-0.1057248971691205,-0.0767967963351547,-0.12298375676002715,-0.1117310671406803,-0.09511546529618124,-0.13846037954612406,-0.07437652948793705,-0.07157491286976456
-0.055202279434624746,-0.1401702992878447,-0.11466477941859239,-0.10588158724378043,-0.09969210954770383,-0.10731052194567327,-0.13874072554255432,-0.07607065786869542,-0.1081974375948341,-0.1181035283774919,-0.11286916933563541,-0.11302798677706993,-0.060161607927447645,-0.08994159938192357
-0.054110770101640726,-0.1562342525357528,-0.11964348292093513,-0.11079878069982384,-0.08743839082412652,-0.09202237771611008,-0.11715049875614922,-0.10695614075087738,-0.10332657448460442,-0.14922075095776652,-0.09491339134403749,-0.1393509792047416,-0.05809921797561308,-0.08725513977558526
-0.05387620768625934,-0.16537171626790897,-0.10652931908350433,-0.13071327924156068,-0.09990789641016745,-0.10318482055289424,-0.12953087370055322,-0.0944056214840189,-0.10137563599961207,-0.159462572778888,-0.1040716094394966,-0.1275809898989012,-0.0721229563991845,-0.0875610593557258
-0.06856010768736835,-0.14776102791838114,-0.10677095010372732,-0.1461189337509075,-0.11148020752345754,-0.141374527614432,-0.1246951305318821,-0.10266977692948846,-0.09931943849895938,-0.12131521742752223,-0.09600781109605974,-0.15162293813281075,-0.06786285958699433,-0.08523173158057928
-0.06442805412013373,-0.18813769353964913,-0.12740223147522242,-0.13429481405315494,-0.10569066002019631,-0.11592072082193171,-0.11059015982311783,-0.12532051838630273,-0.10022426263378736,-0.12555278197846065,-0.11498476895109647,-0.15074736135827535,-0.07356473615808624,-0.0936383578988457
-0.05833695927699758,-0.19224859201787847,-0.12300389591959209,-0.14797107751081184,-0.10011037724195758,-0.14120776349645378,-0.1282111626583787,-0.12017573357862263,-0.14267409187852964,-0.15177662782755896,-0.11121519840871714,-0.13434027865902293,-0.0906226981653524,-0.09033321373029907
-0.06956324913206394,-0.16465892718102368,-0.14685675250394714,-0.15463064827550613,-0.10020651138515657,-0.12558456030921722,-0.13035928164618266,-0.11569432676547986,-0.15195797444005082,-0.11957442496429865,-0.10932347959182494,-0.15884976563992897,-0.08108639261004819,-0.09782602105085132
-0.061207181933308014,-0.1864271022020677,-0.13419538071812195,-0.13961784638739722,-0.11158428369986062,-0.13530290792944688,-0.1538303226068267,-0.1266472411792648,-0.13256066114922954,-0.15584624440038378,-0.114990187746583,-0.18969249016452205,-0.08071499688299553,-0.10017746247750411
-0.06106289997822926,-0.19788265970964247,-0.14154902745328365,-0.14033939491871206,-0.13483536512892003,-0.13282090053617962,-0.145549536935682,-0.11214465593677243,-0.16109877676571888,-0.1690182905600419,-0.12198846485721683,-0.1744746955072601,-0.08367905794885945,-0.10666420671285988
-0.06914357434792805,-0.19965280444417674,-0.14919456887045873,-0.16048180607312154,-0.09991594003488505,-0.1598297459879728,-0.13910100288322483,-0.1141693424228667,-0.13979824630311816,-0.17050347189573847,-0.1287690351561418,-0.18513419666540507,-0.07935183731089693,-0.10291346109968277
-0.07574371062699002,-0.20634172671171194,-0.14261378482780854,-0.14993012950151816,-0.1238015009130123,-0.13851488998749364,-0.15441145753930266,-0.13804698371631832,-0.14073841937185944,-0.1612203912175701,-0.12485039673897777,-0.17996440152313312,-0.08372208901354122,-0.10945439169164381
-0.07720976014231785,-0.18568689623477128,-0.15651404637549776,-0.16926613168182866,-0.12383785084479908,-0.15601273159607945,-0.16743917758428511,-0.14323168944217718,-0.16497403590348947,-0.19322341069225216,-0.14360308981004904,-0.1784893082224024,-0.09204580386812591,-0.12137741706044634
-0.07144016603595647,-0.2079908596290991,-0.16724580877020104,-0.17870616462912406,-0.12239817474635785,-0.15818282380020468,-0.154114421275564,-0.1520158687738439,-0.17544341913579722,-0.18110785210055708,-0.1342931506876344,-0.1477236450547351,-0.09426280641878318,-0.12973799592258295
-0.08870182678674136,-0.18587315177787558,-0.16412820491835833,-0.1750593275637287,-0.14654274942588083,-0.16954668242163273,-0.1670259638289725,-0.15448592412410342,-0.180814246387884,-0.17700107143091687,-0.13084273169444735,-0.22298179009191166,-0.08966289182621408,-0.11523519558179256
-0.07172530523034926,-0.20742258452128487,-0.15423291625325855,-0.16541951284469628,-0.1299553515836869,-0.1726205176532459,-0.19189981542059525,-0.1406402450300816,-0.16786004794511653,-0.18756876062130548,-0.14768449504941442,-0.228688248961439,-0.09531658967863536,-0.12451063471467691
-0.0799386192126633,-0.21006651835889822,-0.16353261711016026,-0.18051117512484494,-0.13138628697491078,-0.15574737055864551,-0.16513544049308262,-0.14993854553492328,-0.1857446360684825,-0.18318929410084073,-0.16866736624909637,-0.1971951100300218,-0.09745206685394116,-0.12999156484576646
-0.08428912888736236,-0.2160038378511118,-0.15965299750549208,-0.1738046228563168,-0.1501864493330397,-0.1851669020198186,-0.1956370987415407,-0.14148169414095277,-0.18763366286919103,-0.20934481141618527,-0.1490355657652438,-0.19991040711332242,-0.09883620567570872,-0.12601922568401705
-0.08771767597532833,-0.22135564309406833,-0.165597330017494,-0.21096761452541313,-0.1618491119255773,-0.16888664285930907,-0.18747221138185705,-0.15371717262945345,-0.18255844630700882,-0.20434156001142914,-0.1599598640196931,-0.21977950520344455,-0.10498170650232447,-0.13271380846956868
-0.1024297875269167,-0.21622684458855806,-0.17914248937066146,-0.22462693681934867,-0.1420911171894413,-0.20319915686763904,-0.19808111508465504,-0.16363135507807305,-0.21645754414789167,-0.23046897625770055,-0.13419452000213955,-0.21780455471576918,-0.11220198497233466,-0.12891161786653652
-0.10102250907369838,-0.24791921678840012,-0.17040071986083247,-0.21420222458027624,-0.16475748988359995,-0.18591148053849327,-0.20309841288603978,-0.14876960882554846,-0.19858343755431018,-0.19613315783144214,-0.16072617867983,-0.2307525275817129,-0.11330519376712828,-0.12776574017425874
-0.08742651925962344,-0.2587187803548208,-0.19032938219837506,-0.220486665292804,-0.14982634092884783,-0.20462565928272083,-0.2200372965358758,-0.1532820218679265,-0.16169631336604035,-0.20714682063745798,-0.15384853282799887,-0.21740172882412298,-0.10838711205108367,-0.13574263723603708
-0.08426889118012991,-0.25686372480767605,-0.21677583651827292,-0.1882436758158447,-0.17171660881635897,-0.18731929606595052,-0.20168604522535363,-0.16481835883399543,-0.21830076821139752,-0.20661714121829713,-0.16830995138922475,-0.22366360936623012,-0.10716236823741533,-0.13704785991994906
-0.09215187820381301,-0.25223063785959765,-0.1824932759542241,-0.1921064981775257,-0.16702224750093816,-0.2012258276875998,-0.19633864495250505,-0.17576662807640042,-0.20979410011961588,-0.2401965370719862,-0.16641227068758077,-0.24117721033044193,-0.12346397582357825,-0.14376994525203032
-0.09815652867844095,-0.26447551837780287,-0.18696111167541893,-0.2174148217592378,-0.18326541907071373,-0.20580347511482247,-0.21317038165753258,-0.1776270733620487,-0.19001827242807157,-0.21426752256070852,-0.18447380019282528,-0.2454548191064925,-0.11598233033862693,-0.1543352930091099
-0.10062179054104448,-0.2733086199708287,-0.20172662992671106,-0.226655027147008,-0.1861774811990842,-0.18516477512236712,-0.21735901916520173,-0.16329359783030928,-0.22089284565082665,-0.24542815472526416,-0.1826810056078947,-0.26094952200258376,-0.1248475358516324,-0.14265021512126577
-0.10675458878581656,-0.25282884063413574,-0.21075833040635228,-0.2131813918788983,-0.18608404436227802,-0.2161785033311929,-0.21914956781265127,-0.1944342705470712,-0.22588862708189764,-0.23448335459388503,-0.1577606542564568,-0.21693692321326952,-0.1226350791628481,-0.16515602924644254
-0.10195462261252719,-0.29585137431447506,-0.2158183736025316,-0.2139205200573784,-0.18933853635776512,-0.22395281157746388,-0.23382265858396695,-0.16940753442579665,-0.22844666492749757,-0.2241611974112796,-0.17391261137027392,-0.24431441572277354,-0.12391672729507625,-0.15756771489219362
-0.10398822730199322,-0.2823501519624895,-0.19926419450317018,-0.23079160618428038,-0.16909368037292336,-0.24003916901319852,-0.23043321061012292,-0.18739717062423686,-0.23851300719998889,-0.2548192685554626,-0.17227454777693404,-0.2821246260048572,-0.12360285235397472,-0.15731214182617273
-0.10357095292667023,-0.2954700154084178,-0.20929719773491384,-0.22650925842220337,-0.1829842638092572,-0.2210530911804872,-0.22619063192408378,-0.17399646566822924,-0.21945692431178626,-0.23698568029862274,-0.18932431304629,-0.258107047190259,-0.13807301312327777,-0.1566949981092756
-0.11192395788182978,-0.2894979406462225,-0.21707495090682544,-0.26405891874774245,-0.21037452292612183,-0.2190353529814831,-0.25018913550358585,-0.19703546369017583,-0.21259162691121036,-0.257585386876038,-0.17473019377054036,-0.2874829620520722,-0.12707488516901333,-0.1610099272171027
-0.11440912824295686,-0.29826210596432445,-0.2171245356823562,-0.2630151233265553,-0.20416807532535933,-0.23238705331071902,-0.2314039582788513,-0.18814690184815336,-0.25389167946991203,-0.2748845174855269,-0.1904631699609995,-0.27950334749192624,-0.13177434955626252,-0.17268600859926633
-0.11831336020354202,-0.34092408254663636,-0.24042500797406308,-0.2674086190242765,-0.20813727348047378,-0.2288485325672976,-0.25611835064783045,-0.200574299185721,-0.24271928021623534,-0.292464274262621,-0.1998264653881891,-0.2574810412230066,-0.13170862428856234,-0.1657144166414347
-0.12317068492206805,-0.32533307219057067,-0.2472140688721228,-0.2621990668004579,-0.18288359164596915,-0.23085000925052304,-0.2661033453703973,-0.21096202605459205,-0.2370403843797964,-0.29161493280298584,-0.2015266275539466,-0.27957841073376505,-0.1464614174070606,-0.17349029347471856
-0.11387405391572561,-0.30933994791586755,-0.26036283069907107,-0.2816947304137272,-0.2012127797628194,-0.2465674167376606,-0.2361450978538094,-0.20657520339230226,-0.27030497016361155,-0.29040332478059566,-0.20194832007437022,-0.2766882720188404,-0.14596392441633482,-0.17857352194622034
-0.12110906243566522,-0.2904115268474026,-0.2431231013396338,-0.23718208103797436,-0.21521554732489012,-0.2595456221712927,-0.24231070619698516,-0.20578720888746324,-0.2547840388817064,-0.29252487252835924,-0.21090491776809728,-0.2850342183096754,-0.14277851572272565,-0.19686883621636916
-0.12238553146506201,-0.3118941094926857,-0.24714070955855702,-0.2629316875244048,-0.19787774189296034,-0.24350405035022107,-0.2860464757565799,-0.22134854277722507,-0.25185394719202125,-0.27767663231365175,-0.21793039576841042,-0.30358446123935556,-0.14501604666431173,-0.17864032304101318
-0.1234209855234128,-0.33586113118587707,-0.24012355152685835,-0.2783049166013099,-0.19526759923783693,-0.26892505752032936,-0.26594762475239164,-0.22579094050621856,-0.25736843638732343,-0.2880154599641284,-0.2213178007014384,-0.29882754618578267,-0.136199689622823,-0.1719228638491297
-0.12079429605945625,-0.3174991355941279,-0.24873168634928966,-0.2918349087480058,-0.2257747033991056,-0.28179951299548944,-0.27752243369967067,-0.231590179158287,-0.27464602641515934,-0.26914209644044995,-0.20652253657165515,-0.3133737568748938,-0.1565830549375368,-0.1935436759186477
-0.12318490434060596,-0.3382727959080598,-0.24452506132707355,-0.2874490395322242,-0.22254607134556215,-0.266927968593157,-0.2728188076311936,-0.21778289090342792,-0.29467124032838765,-0.29667163580910594,-0.21775083410694032,-0.29321582321962675,-0.1478947184399602,-0.19552452327858016
-0.12588008131292713,-0.3309301520534789,-0.25412491409389454,-0.28508857309366775,-0.2146861423424347,-0.27815038220514926,-0.294838524104271,-0.24200805712069634,-0.27744410928332364,-0.30241400941397595,-0.22188166813940582,-0.3191425820017787,-0.1522053386384874,-0.20359583952025814
-0.1315619395982049,-0.33622895933532937,-0.2510112717744284,-0.3245909587643637,-0.22808890407244978,-0.2781152756785203,-0.27610201254771,-0.2256426418850244,-0.2844220123647485,-0.2992413506005081,-0.23361404374874578,-0.3237188782256589,-0.1625846364183749,-0.20717511226971946
-0.12798084793283496,-0.3729481344531776,-0.25153394090089637,-0.3023124387388063,-0.24533977167123064,-0.3005016285616879,-0.3074656858845031,-0.24881153945889245,-0.29026090150430384,-0.2907666153640243,-0.2274305332814278,-0.32189552576741326,-0.15985399007951703,-0.20937071066183874
-0.13325863260128065,-0.3673216219124083,-0.2863249053907302,-0.30821698087553717,-0.23177482042474642,-0.2974179986214038,-0.292861575307739,-0.23048629746094873,-0.29581600751772474,-0.3276658284591449,-0.242548876671324,-0.33592755349911607,-0.1756950589561916,-0.21659058695414032
-0.13242372948686998,-0.3570240037017919,-0.2767101363604893,-0.3022086628403093,-0.2341197804096715,-0.28730733209543347,-0.31666470299174365,-0.2556186365963905,-0.2991929610659642,-0.3458183823971421,-0.235362484322806,-0.31429530951021956,-0.16646993334642501,-0.20726729557754944
-0.14043170238902633,-0.36277154829785563,-0.27786227188559615,-0.32629013210785646,-0.23833605109888106,-0.3117943394323865,-0.3241995951614294,-0.24668225525063248,-0.2981239150226607,-0.3402743099358685,-0.23690108399933701,-0.34995214559472493,-0.16700803362195282,-0.2047454206732125
-0.13783471769659145,-0.3633058261300503,-0.2697194437346141,-0.3162761101360467,-0.2335480627402802,-0.3001117670397037,-0.3100427801448334,-0.2795535436605872,-0.30080344755056304,-0.34523001118893176,-0.24680717657832763,-0.34387697100650966,-0.17799732499483897,-0.20496062001521248
-0.1494298146514537,-0.36887318957647974,-0.2890869776077234,-0.32233417714849144,-0.2527808952589736,-0.3184603989058944,-0.2998421089533034,-0.2546099720676261,-0.30245072617508845,-0.3464900415904509,-0.25210280823270326,-0.33534845564144705,-0.19104643107110247,-0.20443705336564533
-0.1378304163556799,-0.3996068526765105,-0.28872141378045485,-0.3287637894895255,-0.2578781616433121,-0.30597821301191347,-0.3284734729458513,-0.2657474229012067,-0.30734051980395327,-0.3381027544458102,-0.25570029642317776,-0.33817197472876365,-0.17393568468331969,-0.23301585432073849
-0.15103256111816968,-0.38157714611750454,-0.3090624105268959,-0.3178097423937572,-0.2692293186105964,-0.32250469103239915,-0.2966570770837437,-0.26935279391275924,-0.32713659080523627,-0.35933784332632096,-0.26155854927759825,-0.3455196231025969,-0.17779286279044504,-0.21607701489410555
-0.14789155390988606,-0.3836362855124832,-0.3028629536714178,-0.33665896755618807,-0.26377589421831643,-0.3284319503352401,-0.32321459456993906,-0.26452356106381325,-0.30912469735642384,-0.3558163798545142,-0.26319074682560056,-0.3622781006246187,-0.180956009015513,-0.22682259864842924
-0.14617070825257591,-0.38562752942087924,-0.3057517155471623,-0.32304321261810964,-0.252206447096768,-0.3072353707174086,-0.3326802854985076,-0.2530808341123023,-0.3359581885728558,-0.3692033277894323,-0.2604120047547617,-0.3542740046869862,-0.18938903642763866,-0.21567367824508601
-0.1445654836813725,-0.42218511441624007,-0.3177066813021842,-0.34931576128423475,-0.2777383588013476,-0.33053953290240196,-0.35337149339840884,-0.2658663142199831,-0.3154092843749442,-0.36423020343735146,-0.2633307480499031,-0.3726491092862381,-0.18899360608183846,-0.22991556549687583
-0.15773262444503686,-0.4151964797977884,-0.3287145363310732,-0.3477860959522427,-0.27199336425827536,-0.3369542691663292,-0.3412774240534495,-0.2748757518801277,-0.32345980315227896,-0.36684183300613366,-0.2741294662129673,-0.3744485576951593,-0.2017845913498506,-0.24147114817653267
-0.1632317762356586,-0.427665760396873,-0.3305767642570865,-0.3540054814556634,-0.2759506862134936,-0.3326166133214367,-0.3397767855397154,-0.2881595458777958,-0.31721847844927065,-0.37433512105951555,-0.27318670902077474,-0.3871038964472279,-0.18665553298479098,-0.2534142095691214
-0.15948186199177733,-0.42447487830777064,-0.3323970030540839,-0.34765433887025066,-0.2703217359267168,-0.33744519656809796,-0.3407546766016485,-0.27504357418349806,-0.32986282114947985,-0.37769124082164424,-0.2638311289704771,-0.3943629585229713,-0.1987652901117645,-0.25097017707369873
-0.15337842525756937,-0.4177769781111492,-0.31960363940377673,-0.3648681928728673,-0.2810926615066682,-0.33547414654046376,-0.3501838954959034,-0.2885906826494501,-0.3346902970733019,-0.374544182879754,-0.2823963151314501,-0.3826137237408375,-0.19903956780041798,-0.25827912323572116
-0.15970392291346108,-0.43312378709328053,-0.3395452324621434,-0.37028450190166784,-0.28278579911516705,-0.34657227771158683,-0.3516098468300848,-0.2912986657332593,-0.37517573108214686,-0.3969295011417424,-0.27531652710372584,-0.41444797572789843,-0.19986468632063323,-0.23696075784667747
-0.1570871032225782,-0.4279568794622315,-0.32627204598569215,-0.37490474460442946,-0.2869701999415462,-0.33395764843065273,-0.35706673600346717,-0.3075533470484673,-0.35150409673394456,-0.4019492661156923,-0.26982235302605956,-0.41762648476542596,-0.20171532578651594,-0.249476895814355
-0.16717020338525512,-0.3868222360990295,-0.32353654119240277,-0.3646462932877181,-0.2838351231636435,-0.3777172187466582,-0.35806867141721765,-0.29798952438414783,-0.36549771371476913,-0.41474152164189154,-0.30031869781382764,-0.3742927665625999,-0.2119534308677576,-0.2606492941859419
-0.171237102841923,-0.4571091580445594,-0.3455154974917911,-0.40263383122849894,-0.29911863383387854,-0.3552334104287851,-0.3925826993086146,-0.3021125964006205,-0.372848925245038,-0.3841167156195115,-0.30466229223219765,-0.4141541180298278,-0.21371963005371153,-0.2627205386100264
-0.15892266411821998,-0.4594324695295099,-0.366211949578683,-0.3891913085514585,-0.3136635280680779,-0.3606979711305971,-0.358271326968132,-0.29302096052497595,-0.36157745423852367,-0.39726853947550705,-0.28218418228182734,-0.38907694396659165,-0.21101680797116842,-0.2588553477285319
-0.1657054763251475,-0.4579069167832972,-0.3483904642992156,-0.4072440977603984,-0.3080502209558392,-0.37299021619326234,-0.39316405526446524,-0.30675765606627375,-0.3584055099330177,-0.38927998849985396,-0.2927828417433297,-0.4159316328114916,-0.207047383559344,-0.2588028424239967
-0.17647605058921706,-0.4535483075785716,-0.3414263649150109,-0.40040061500915586,-0.322950738384974,-0.3769641430783777,-0.36495175590227247,-0.3137018247265485,-0.3676350996478495,-0.3960557923566407,-0.2945795784824125,-0.4268765212658375,-0.2256633912922503,-0.263731915855601
-0.17131334982967628,-0.5099945591019046,-0.3663117996643469,-0.39835038448814497,-0.2969651835758453,-0.3938426062880782,-0.39529120313376087,-0.326167203281012,-0.3843511742708207,-0.44191132169200675,-0.29932190364308714,-0.43540432835933235,-0.2175640218481427,-0.27031296290060497
-0.17733246905952277,-0.4683018303918304,-0.3402339737737401,-0.41716278173902915,-0.3228057229628052,-0.3846097541741189,-0.4031771196070279,-0.33418287987083806,-0.36782290581891836,-0.4264549270690625,-0.29643334603084454,-0.4429134835732604,-0.22687583633907768,-0.2744297807976631
-0.1874018497957975,-0.4505529006119026,-0.37469092535465776,-0.40662178334872895,-0.3193619723401281,-0.3711492663950024,-0.40401035375052236,-0.32503118361219735,-0.41025108685958717,-0.43187270802372335,-0.3317074330319528,-0.44910630090148534,-0.22203623421299643,-0.28007153500975585
-0.18233520030760383,-0.4970182311395344,-0.3549427898675547,-0.41758338909811615,-0.3028848512845146,-0.39190167034641155,-0.390195914337205,-0.32237275168349877,-0.40346079860095335,-0.4571974848476687,-0.3228825249708092,-0.4452055151895692,-0.22442342952682295,-0.26406613701424597
-0.1740066555458091,-0.48712832066464395,-0.3766044136382023,-0.4130467769539615,-0.30743259677793183,-0.38934874573180217,-0.4046815942584659,-0.3351734638482654,-0.39699513304297024,-0.4394488959433473,-0.32203002940994846,-0.4360136056441581,-0.2203471520918642,-0.281933755158978
-0.18772774933651054,-0.4761962643364933,-0.3724933944526466,-0.4176637307063034,-0.31951585143946293,-0.38929011760719323,-0.4210486282387404,-0.34682185245726466,-0.398232795060721,-0.44514653072010363,-0.3180421553695061,-0.45290304034035694,-0.22071450406233264,-0.28039965883815576
-0.18707556394678532,-0.47948937571379724,-0.3857179546840755,-0.42907821541948976,-0.32716480613564447,-0.40223300564279785,-0.40663451492847635,-0.34348403653078324,-0.3923335544577044,-0.4447365659487871,-0.3260739312169362,-0.4527036063572206,-0.2284596499415232,-0.2992384607331071
-0.18786022655373455,-0.4875035630114644,-0.3789837368498685,-0.43325755428090423,-0.33450872046301605,-0.40068665754575616,-0.3993733965111762,-0.33603449014607045,-0.41194519792155776,-0.4403852389483788,-0.3344317394784501,-0.47405653079189236,-0.23496879165380466,-0.2895813371851131
-0.19125892918145726,-0.5048997185694128,-0.4064359682187505,-0.44171072897874225,-0.3322388138413086,-0.4120418505313535,-0.43703848726447003,-0.3383970577364498,-0.3949720057607043,-0.450166041371037,-0.3320314805619363,-0.4328011189200813,-0.23970026387890103,-0.2845683212762256
-0.18740467089488655,-0.5267750775669964,-0.3938065759835187,-0.4387160303056781,-0.3388861062455437,-0.41381322508278623,-0.414664177509277,-0.338208420919324,-0.40720163767572126,-0.455099894589819,-0.3631808102865141,-0.48069510161210405,-0.23598943566675706,-0.2954487383618734
-0.20029626093822106,-0.5426645253752596,-0.4025169702884937,-0.4376096768793852,-0.34878151276414004,-0.42696358419659786,-0.4175584667905297,-0.35401109975013917,-0.42420534406137145,-0.4882797068902083,-0.3503663187022365,-0.468824206485779,-0.23905913936169804,-0.310621903338496
-0.20181192213816818,-0.5187661545485589,-0.40145835406743047,-0.43630183013472557,-0.35864661528632436,-0.4326874987716571,-0.44477812817435164,-0.35579949753774986,-0.40855505608789916,-0.4935045498178014,-0.3449683701625439,-0.4769822566207288,-0.2540985828242079,-0.3114849775030973
-0.2019187235326523,-0.5522685345815829,-0.40704176279695914,-0.44501420864974023,-0.3413259548372221,-0.433494819860903,-0.42731009225475525,-0.3569492017656029,-0.4380883502635006,-0.4808458250320024,-0.36202619714159073,-0.5033553923492492,-0.24390323576452788,-0.2965571820192941
-0.20657727006190574,-0.548656317262481,-0.4167295007567035,-0.4399579741031762,-0.37632871661661776,-0.4341683174886426,-0.43554882834897285,-0.3530824926112162,-0.4154784074956133,-0.4666759068887648,-0.3483069466579714,-0.4773064440965859,-0.2509510796359412,-0.30979636374369607
-0.20249496999937586,-0.5593422414040616,-0.4142740707082131,-0.4560042037879041,-0.35711624412413123,-0.42757287488710155,-0.4461307197005308,-0.3635172583883133,-0.42936726282211696,-0.4796048045499927,-0.3503794210430844,-0.4937943342419216,-0.2435052419442784,-0.31286221559769883
-0.20203632300857155,-0.5394889238981337,-0.4007893117137458,-0.4791650060934373,-0.3498867343151746,-0.4529271848914998,-0.44528176500600236,-0.35341224329767673,-0.4388743790598709,-0.5084285994026926,-0.37814116871933356,-0.5235776089301745,-0.24580793796103725,-0.30490286470677386
-0.2041437593312479,-0.5285373647433522,-0.43938888235883694,-0.4512395935466194,-0.35208339075705897,-0.45433077148571477,-0.4646560685864926,-0.3712928229474043,-0.43182593532096025,-0.46940226714269323,-0.3858064478966249,-0.49876152014857744,-0.25790707046164285,-0.34668585677774694
-0.21830104980276013,-0.5575881116461918,-0.43645422581994225,-0.44379494678512815,-0.3770365333885031,-0.44219693072215005,-0.45070237894304155,-0.3684463904063462,-0.4453458133709364,-0.47212936004094774,-0.3668199167983294,-0.5119142858488885,-0.25887965492848786,-0.31202827825720136
-0.20531021195032043,-0.5495745515046287,-0.4429062095521177,-0.4892316285981634,-0.37944372209251087,-0.46211362075061213,-0.4665190268382384,-0.3520446443816501,-0.44333229298715654,-0.5099101866147006,-0.36848411655719815,-0.5275939450898331,-0.2565144334704353,-0.33090415771676507
-0.2080330027702211,-0.5864583080820412,-0.42792264754778087,-0.4672742073355691,-0.38413683105660673,-0.4423332484528287,-0.4927054014228363,-0.38597196988729726,-0.45389400534743524,-0.5032119794131192,-0.3662473812857282,-0.5210853057253381,-0.257659728749779,-0.3405098117306789
-0.21777601106204778,-0.5718466829220427,-0.44589889066628585,-0.49970532426031244,-0.38489617111535424,-0.4607849102248647,-0.4812773272654668,-0.3776005958703116,-0.4586685716205636,-0.5100579385704732,-0.36903513290813195,-0.5172202041581915,-0.2643956523707052,-0.34280709831430595
-0.20947810602385222,-0.5741544657612005,-0.4595709190893035,-0.4818305639475257,-0.3790849472910141,-0.43670269104445725,-0.4905102658243755,-0.38992993739480464,-0.4857960377242446,-0.5061642586087964,-0.39509073537846423,-0.5370102104201351,-0.2582092450906114,-0.3281552797941944
-0.22056869741792884,-0.6000334817006597,-0.43594474022236235,-0.47813716080801877,-0.37000558445227544,-0.47230094793149585,-0.4826663517031387,-0.39628740677616864,-0.47922520994539314,-0.5340365861864103,-0.3690035904381421,-0.5418580679300571,-0.27477199697542576,-0.32411984188626913
-0.22110894121573832,-0.5891437923822654,-0.43684970901623704,-0.5020744547024398,-0.3915893864964291,-0.4908036775622009,-0.4827067873702013,-0.39936039379318977,-0.5084393472049485,-0.5233568713308088,-0.37795938595477874,-0.5428999274223835,-0.270603041912767,-0.3342152164586522
-0.21872184887806284,-0.5733555582985215,-0.4613985056879587,-0.49249477895468907,-0.3937585932609001,-0.45656993077286956,-0.48527269265777623,-0.3996355203822298,-0.4594230928144015,-0.5142573526623501,-0.38696139806752045,-0.5430842446332251,-0.26697870189531864,-0.34063069141747837
-0.21761408624553089,-0.6170723601368578,-0.4530371073250251,-0.5362362639950116,-0.38509758038368763,-0.47311103597794624,-0.4937974493013469,-0.3938905134561129,-0.49759390606270476,-0.5349957971224563,-0.38252378509843993,-0.542054785341425,-0.28278851736619165,-0.3504613797721593
-0.2278447878194538,-0.613233724274525,-0.46094711723109366,-0.5215822794561509,-0.39525968279214185,-0.48417710765249505,-0.5060752807242926,-0.41589137569635065,-0.46903543413727716,-0.5407251937870607,-0.3973509517906475,-0.5366631409368801,-0.2830614393238881,-0.33964521224158545
-0.22002571603731666,-0.5955735831396277,-0.48154241033227035,-0.5158862179684173,-0.39517755789476483,-0.4731823928424085,-0.49301754788108754,-0.40673164667380185,-0.48904785288441815,-0.5509409365600113,-0.40275437813741066,-0.5461756901976164,-0.28567478741033253,-0.3347254469326916
-0.23160807458359486,-0.6112922688719982,-0.4702017674534793,-0.5273987025958607,-0.4194606484383933,-0.49479908457498284,-0.5097230312836344,-0.4081708124487279,-0.5008654935043042,-0.5565118558418878,-0.39991435660806635,-0.5318358679338481,-0.27108411343922906,-0.3475545161672198
-0.22983552084624945,-0.6071328491711124,-0.46975686525176247,-0.5041126065114702,-0.41208590558706365,-0.48709237690891977,-0.5211594577253242,-0.4279431077094291,-0.4917285809955844,-0.5614488625504599,-0.3941768907076039,-0.5765989165289711,-0.28892761037305625,-0.37502001889544956
-0.23120522280128689,-0.6074706403676798,-0.47743139363144227,-0.5259251281644998,-0.40537956193673735,-0.5008980314715523,-0.5101165527268067,-0.41394767038555297,-0.49924979107544637,-0.5620676806492602,-0.4154258905336149,-0.5631415489985362,-0.2892968413343481,-0.37152014792135574
-0.24450044570191493,-0.6307548776992083,-0.4806314403643576,-0.522433191321487,-0.4153862087439586,-0.503512251755169,-0.5083751025430676,-0.4162212830221862,-0.4949958126055919,-0.5416442610997397,-0.4091085947407982,-0.5799847066829096,-0.2887038851009198,-0.3611740351705712
-0.23966145182861165,-0.6237270009083383,-0.4828567787552298,-0.5300263428680227,-0.4260381402662114,-0.4892308682691391,-0.5202315935054546,-0.4216982926823605,-0.4928525284569731,-0.5625212168611343,-0.4195320599071577,-0.569699616672587,-0.3007715499170705,-0.3592581144614901
-0.24362242958353103,-0.6693493960573246,-0.49310933529239426,-0.5360758425792035,-0.41183488499492993,-0.5085500009030308,-0.5271199424267302,-0.4184038982575395,-0.5367887007573906,-0.5844303229174136,-0.4278411734281215,-0.5849563606318554,-0.28648156212759596,-0.3683939957955517
-0.2389140811137506,-0.6471195144599797,-0.4939867829934762,-0.5543044947510354,-0.41080870957111365,-0.5098725514439068,-0.5231772703553973,-0.43219090149055683,-0.4990936349815805,-0.5946361105711259,-0.43770164419797586,-0.5884272518724183,-0.29245846305632345,-0.3754250533593546
-0.2510485480208903,-0.6318299373075899,-0.5076824783104504,-0.5758021873400302,-0.43023408882551467,-0.4978728735305507,-0.5307874784893476,-0.44621435257814096,-0.5453111951154809,-0.5867402683195901,-0.42444071606754263,-0.6218846424195267,-0.2957965546479827,-0.3737289885393662
-0.24645878132877008,-0.6606767836878167,-0.5070186615578631,-0.5455450333051526,-0.43699316073314326,-0.4960895145401266,-0.5323228360061685,-0.43894315552548124,-0.5076765240248614,-0.588354076713411,-0.43232539427758016,-0.6158155749921473,-0.3098842161853953,-0.37203777662886967
-0.24792900057218387,-0.6800289674848833,-0.5020275915825756,-0.5598337589379859,-0.43418665022669567,-0.5198622638791849,-0.5443061987088762,-0.45450530525172456,-0.5314144333468814,-0.5744717575819327,-0.43922236587946284,-0.6134690321577768,-0.31834492974413753,-0.38852372833734033
-0.2504480944671173,-0.6809734423804061,-0.5265744643754957,-0.5684727583064336,-0.4363903818649226,-0.5393967576198937,-0.5506145890434612,-0.44180393829630893,-0.5325711717434757,-0.5882664259797015,-0.44526050225238933,-0.6146006345893544,-0.3202060341711192,-0.3810533947428791
-0.24257499722587011,-0.6550478371361568,-0.5091169026818285,-0.5702726672997585,-0.4465039095154026,-0.5518885170743546,-0.5636292029288782,-0.4482461693887242,-0.5535060691367398,-0.6051348218983813,-0.4280591335608115,-0.6032088216521373,-0.3050818199495728,-0.37099172608322545
-0.2480586043955839,-0.6858669205877452,-0.5332465372552918,-0.5843764458684167,-0.4431161698765418,-0.5255659250711828,-0.5528770747908377,-0.4596632546824006,-0.5405853327863793,-0.6209425777056571,-0.4374327653777615,-0.612151374050679,-0.31290339845531323,-0.37831096920876195
-0.2603559928152359,-0.7008518992995696,-0.5248131426689834,-0.5911950175799706,-0.4357542967031782,-0.5441433605564254,-0.54872866835355,-0.46056112286168666,-0.5608495568996948,-0.6272550845498859,-0.43798052464103304,-0.6355284090537664,-0.3116281287766516,-0.3778512321030984
-0.25168842583681283,-0.6794114278860887,-0.5451576630171907,-0.5981291970186834,-0.46485436916442235,-0.5386801905446267,-0.575038088677811,-0.4793740016226291,-0.5668002809121181,-0.6151534298134349,-0.43705924428578447,-0.6425907282228659,-0.32696353957845453,-0.4000085892992268
-0.2623011656778993,-0.700010544902021,-0.511270944851,-0.5764692276809666,-0.4414270065022405,-0.5564736931033821,-0.564451900951635,-0.4713708453371253,-0.5494835600150292,-0.6296861987221979,-0.45286084069663823,-0.6241139993059883,-0.3209107408471813,-0.4010693434261442
-0.25968564491322516,-0.6801421956112949,-0.5453585299555203,-0.5782508056879272,-0.4418315432202821,-0.5675986536182301,-0.5742498437487599,-0.47626056706577913,-0.5929866496788697,-0.6514457149131117,-0.45384536477183157,-0.6254643038320018,-0.31790742078926004,-0.39300066928829197
-0.25851207730572023,-0.7004111615855114,-0.5391337746269296,-0.590689276095005,-0.45368627789010774,-0.5656309262266221,-0.5707054814136675,-0.47929453535120486,-0.5550154641961532,-0.6231889397644511,-0.45947815547578935,-0.6332452421610523,-0.32920019620340246,-0.4107009173480321
-0.2571462868828045,-0.6940706273960298,-0.5277067878562604,-0.6028916308134461,-0.46995785440763405,-0.5777811931293738,-0.5836382876141961,-0.4778076181156226,-0.5563316140229231,-0.6423197329579858,-0.45199823050670357,-0.6658658338000474,-0.3235189280525051,-0.4234488271556919
-0.26450341999874155,-0.7175313312976817,-0.553322131085983,-0.5899890674502549,-0.4710580563066498,-0.5641336701280205,-0.571679658326819,-0.4840468484099226,-0.5900925137037366,-0.6609549017073528,-0.46271654967705844,-0.6503339512977144,-0.3382073688999587,-0.40835129257060954
-0.26178136902257937,-0.7265465433844418,-0.5428479649864172,-0.6118417431531217,-0.478846600281363,-0.5737940671262558,-0.5957716670779345,-0.47697104753051933,-0.5843139747190088,-0.643671377223033,-0.4848179945234773,-0.6641011646138812,-0.336087856722595,-0.41589855479318316
-0.2720750666916207,-0.7209160542568988,-0.564357644697811,-0.6118000887698601,-0.469708485446943,-0.5948847678621113,-0.5934443210815001,-0.4933058257305852,-0.5795482218102731,-0.6470905915844715,-0.4755184707490087,-0.6665072221265961,-0.33054888851111885,-0.4108459716798628
-0.2691111560203391,-0.734263491929473,-0.5657179869633789,-0.6174473080437316,-0.48112135244308074,-0.5749610728764696,-0.6209466391177118,-0.4949987045248337,-0.6066721142138375,-0.6821707242986651,-0.48716022685433424,-0.6835884815743081,-0.3373464657569668,-0.4168647519279295
-0.2763761777627973,-0.7295637845362115,-0.5663732704332372,-0.6097147878338729,-0.4945310479752062,-0.5838056079434019,-0.6125106642468966,-0.5053034899187326,-0.5878047983348516,-0.6596016181722436,-0.48472534401607237,-0.6748350506039907,-0.3476989836465248,-0.4119507760587933
-0.27771108156452695,-0.7232177371768986,-0.5525086861815016,-0.6161758409761527,-0.4925165355767008,-0.6126419983318397,-0.5867997155353705,-0.49922800956435204,-0.5941228931337611,-0.6549997929551797,-0.4777093564493745,-0.6862763028910719,-0.3406724873169142,-0.42939446773822204
-0.2789398357917928,-0.7432365110184097,-0.5817843058588269,-0.6220082718318797,-0.5010926658997047,-0.6123204114843176,-0.6118132156417582,-0.5363230712388899,-0.5948219727846086,-0.6664195248127215,-0.4874280768287034,-0.6740235883115461,-0.3408521916569767,-0.4364329797116031
-0.29135006732922164,-0.7485721763112526,-0.5795119783843455,-0.630865495942217,-0.4981220959534247,-0.579537354295583,-0.6141016755976026,-0.49577730849955165,-0.6058513088985402,-0.6677903886517719,-0.47716374337870365,-0.6944561722158132,-0.3515472051933746,-0.41998246544425
-0.28500855438410727,-0.7479515752030994,-0.5531577546298395,-0.6393169897444815,-0.5026248517334511,-0.6084984199349387,-0.6357304209529226,-0.5053484805088843,-0.6198518040000137,-0.6818445220745489,-0.5008422494385077,-0.6818592940610778,-0.36027824142677245,-0.4297035225879982
-0.2873442516733044,-0.7322493788621441,-0.5627558556032505,-0.637792048015718,-0.49459277713528516,-0.6272584080053177,-0.6467636835913209,-0.5230400828143209,-0.6184205338239371,-0.685804388625781,-0.5054938029679522,-0.6803930713604631,-0.34799536247504437,-0.4404640285238318
-0.2881616830936475,-0.7796979048079895,-0.6111021243307484,-0.6870788940664032,-0.5161867379061796,-0.6088935643058789,-0.6427491986897941,-0.5381091393556234,-0.6058015410444,-0.6723436144928763,-0.49605680653955087,-0.7054436972772422,-0.35376547278510534,-0.44969168022593403
-0.28317680675666385,-0.7988090924399737,-0.5854736102893584,-0.6522137567100276,-0.5071656769891894,-0.6080451065626947,-0.625902270514692,-0.5111781444287544,-0.5986650686224417,-0.6867894669752174,-0.49953568950777805,-0.69384254151533,-0.3610766391784349,-0.4501405974141908
-0.2927006811613596,-0.7700092827067366,-0.574509448403047,-0.6395429081644693,-0.5062606167519758,-0.6244211557326249,-0.6514698161044605,-0.5289290283975543,-0.6148817808862639,-0.6832833092199417,-0.49959348942305903,-0.7315402204411503,-0.3752914696788243,-0.4610091829159312
-0.2938854920283476,-0.7830763721725544,-0.5990251638866537,-0.6603328275944244,-0.5189058879683233,-0.6239529104883234,-0.6463974165079972,-0.5181752937549154,-0.6248372205115366,-0.712332903867948,-0.5029412325228225,-0.7146555377623511,-0.37425883105284563,-0.4565542471699823
-0.3045426929333423,-0.8053336852157095,-0.59370049280184,-0.6638291621377556,-0.5060642337595931,-0.6334269186943502,-0.6188864659741229,-0.5176147963365345,-0.626491180488821,-0.692403244407312,-0.5111126900864286,-0.7238785450628705,-0.3653658005895749,-0.4552926571319111
-0.299210968002452,-0.8060343574063026,-0.6076344222374551,-0.6670299788545881,-0.5184187825979766,-0.6418783646494438,-0.6595632191795548,-0.5262864572946124,-0.6458589430137649,-0.6989871718949207,-0.5409047282917068,-0.7394587984636091,-0.3653588127479453,-0.4621972809283502
-0.29242759737496216,-0.7942343616150189,-0.6147503452720783,-0.6854386419855851,-0.5073466830487298,-0.6288924069757137,-0.6581836274506179,-0.5322357707744492,-0.6317595844329672,-0.723542947503631,-0.5200380723600879,-0.7295571778539248,-0.37207713747393417,-0.4606086708685538
-0.3033088466424313,-0.8042313238743749,-0.6262127997728946,-0.6707877620157527,-0.5342438645425795,-0.6528511625515631,-0.646834518055423,-0.5263253870337254,-0.6215355679648009,-0.7157478801610929,-0.5241722605376418,-0.7318579190144034,-0.3728362933839717,-0.46297093093754654
-0.30205985763073373,-0.7772851637592493,-0.6155321467538264,-0.6826839667693235,-0.5295396338625157,-0.6169949114056996,-0.6786730338877275,-0.54990300185563,-0.6580089869064796,-0.718809037695492,-0.5410793593026595,-0.7182721580073513,-0.3779915673200392,-0.4566683500341146
-0.2995609574877814,-0.7838592102569075,-0.609202824322149,-0.7087945734320485,-0.5388062781407195,-0.6373497213763339,-0.6787027121457663,-0.5477704495613285,-0.6531463880809972,-0.7056363936482665,-0.5340276888999734,-0.7331812689949322,-0.39485870617993085,-0.4849387785067999
-0.3027129623979876,-0.8149107336144401,-0.6281935595503687,-0.6833124277153229,-0.5201351903835492,-0.6469802469834693,-0.6671132225759038,-0.5491357112425668,-0.6572080236531792,-0.732756935533922,-0.5355047488749706,-0.73823559048047,-0.3910442290328097,-0.46297089200858393
-0.31281963983311334,-0.8343387664925671,-0.610367127337799,-0.7023788959190628,-0.5363866782663507,-0.674304526875999,-0.6913061470892943,-0.5472730730339441,-0.6473851725306337,-0.722754146479294,-0.5292281345344738,-0.7575482063284034,-0.38976095111654935,-0.4690558323756224
-0.3118864913274306,-0.8386707776514811,-0.6321555308475466,-0.7141894901940649,-0.5594930948384935,-0.6812987592674379,-0.6852737151660147,-0.5497354297580876,-0.6459712392644514,-0.7172870999684422,-0.5411924667477588,-0.7621574205918876,-0.3878729982105099,-0.4728764388978316
-0.3092056141146837,-0.8281142226723842,-0.6522394487196279,-0.6640126221797104,-0.5517633359012766,-0.6719956748085179,-0.6634672378104594,-0.5481346406804284,-0.6727148145557243,-0.7495832717247652,-0.5203320516980408,-0.7487652460562412,-0.38323193954314366,-0.4828777030051845
-0.3068766450004789,-0.860165422494785,-0.6443674941900759,-0.7102985270397363,-0.5455044607269002,-0.6667996585495032,-0.7098886858259758,-0.5359723918827703,-0.6968904713583921,-0.7559172905903109,-0.5551430728723029,-0.7768040036918865,-0.37843159708476637,-0.4941915341315414
-0.31297687587468226,-0.8341751063639578,-0.6500637928527202,-0.7044818304453124,-0.5574660267356313,-0.6813420515765944,-0.7024796618314555,-0.5560358835485631,-0.6804264940233732,-0.7585290812549323,-0.5591332173234292,-0.7816660460674973,-0.3941492150053818,-0.4857982436166182
-0.3251591264228248,-0.8508614807189581,-0.6562654867957526,-0.704474591050322,-0.5595479230467695,-0.6958104932690206,-0.6866921572402367,-0.5873115530862456,-0.6819986324928933,-0.7650687754891136,-0.5758001018287648,-0.7826431901889187,-0.39752283242185465,-0.48160256642294025
-0.3273982933093942,-0.8814708663492677,-0.6560263998251368,-0.7198150155758882,-0.5669653936997824,-0.6841066553144652,-0.7121954696572188,-0.5560085850783298,-0.6814987108709828,-0.7687557613809018,-0.5581502373904272,-0.787757300377143,-0.39370163355246046,-0.48836019937174285
-0.3247816844773298,-0.8306001207047853,-0.6648720494673924,-0.7122132539171288,-0.5525781571189207,-0.6697768369693089,-0.7024498551414106,-0.5853157905645522,-0.6813418983780105,-0.7740048568049271,-0.5761520797991067,-0.7960487586674405,-0.3905252041633487,-0.4760982794242569
-0.32182997475483816,-0.8634161742115082,-0.6423863180968418,-0.7456246736094125,-0.5750322899154597,-0.6910123910107899,-0.7070693598401016,-0.5887939277792064,-0.6648851229504732,-0.7577761046170437,-0.5659650684440753,-0.7971297926043968,-0.3973245029439168,-0.49666890966166044
-0.3267107235919251,-0.8888557989966219,-0.6886862885456908,-0.7179254949348086,-0.5555348018721792,-0.68949282324751,-0.7423916904748954,-0.5742599286288117,-0.7072649932950287,-0.7587675439526514,-0.5701852702106379,-0.807147857391373,-0.40402344121824735,-0.5015269819008071
-0.33002488832198756,-0.8712669367831762,-0.6460143321082175,-0.7307831654143663,-0.5766470775844328,-0.6966732340151652,-0.7218022548936851,-0.5830407302243881,-0.6900356852974151,-0.7844937408987532,-0.5660490745825763,-0.8032627198073203,-0.4035516780422408,-0.5107139537196317
-0.32532019996223066,-0.879786808531832,-0.6850374384302276,-0.7427612926886197,-0.5958130358920076,-0.6908271584931273,-0.7341092145608679,-0.5820797881755192,-0.7052059734685888,-0.8007637334698701,-0.5790949539245974,-0.8275869826239491,-0.41284214757365356,-0.4977446288090838
-0.3287648170313934,-0.866063456214951,-0.6672633805464604,-0.7316546009240005,-0.5796787734533093,-0.6809640247307668,-0.7300659519250958,-0.5829676693675957,-0.7204789354072115,-0.7800741994953183,-0.5841114673120977,-0.7958242306456161,-0.4069219898730668,-0.5218252378169623
-0.33796736165163865,-0.9013781782666136,-0.6782836450100599,-0.7601703192485019,-0.5688210301132428,-0.713939131544657,-0.7406168532401652,-0.6040837476230124,-0.7258237116218194,-0.7859233325526641,-0.5798339784541222,-0.8144161268467558,-0.4146115968168558,-0.5064250784328673
-0.34204776214867233,-0.918494776614264,-0.6836884542652216,-0.77216901412003,-0.5821460603896199,-0.7230799764307483,-0.7099721552658246,-0.5828628835168692,-0.7347905444616756,-0.7915261438247888,-0.5982990787009452,-0.844763373779007,-0.41298989443109546,-0.5162133975950084
-0.3370532370391379,-0.9031443892751817,-0.6861650654210101,-0.7680587268328268,-0.5959391060960882,-0.7302021552000805,-0.7445253703661766,-0.6074178542822851,-0.7230865044383764,-0.8018717748040599,-0.5895125522164065,-0.8270255082330713,-0.4086749233278553,-0.5111220690814379
-0.34248265168514674,-0.9031354156983278,-0.7049222992487222,-0.7774324643343415,-0.6117417206581928,-0.7296317571999337,-0.7361253456296655,-0.622615086801971,-0.7295466315842359,-0.814809153039075,-0.5905751382608725,-0.8442136642013094,-0.4168866110063454,-0.5305718667410602
-0.33287521693276795,-0.9016152461517072,-0.6932243774091345,-0.7957711646507409,-0.6172753378146183,-0.7450148482382173,-0.7435290432929198,-0.6083884476886169,-0.7423116570533129,-0.8019238702595374,-0.6067621410400329,-0.8208369738320003,-0.42226039670029586,-0.526940755183315
-0.34718125923166093,-0.916557591671142,-0.7039782556535963,-0.758311635760851,-0.6128273362339665,-0.732395268756449,-0.7711264696505825,-0.6114727772067309,-0.7185090872617617,-0.8394835129190449,-0.6045500371607359,-0.8528213673000428,-0.42865102711921227,-0.5322715234136102
-0.3546900015550564,-0.922857138690688,-0.7012188433530322,-0.7860977331194081,-0.6177313568401669,-0.7570802565588602,-0.7768636939575808,-0.6167565060618848,-0.7299119906926308,-0.8315434017545293,-0.6039159897830809,-0.8382407929169162,-0.43163191295901315,-0.5151743343192945
-0.33788301649014635,-0.9270491722956345,-0.6966243008009971,-0.7945826071774756,-0.6120938617681834,-0.7318798303919162,-0.7570714863498855,-0.6145290351010458,-0.7462922959071429,-0.8064687452895313,-0.6228587694461861,-0.8595111577749774,-0.4359664916704106,-0.5270073753901842
-0.3433319496124472,-0.9449164271979824,-0.7132286568638726,-0.7896044250652879,-0.627980546120162,-0.7544193630145888,-0.7783404526983472,-0.6159490905449048,-0.7513141873732206,-0.8464390103991333,-0.6242788395816541,-0.8641636862734398,-0.43819090349856027,-0.516902171387868
-0.35280654991758204,-0.9419751576270978,-0.7195665763682989,-0.78652204458443,-0.615321106350071,-0.7516173336660684,-0.7754874873076532,-0.6404101156699219,-0.7493629619268823,-0.8370807224266058,-0.6140658412506972,-0.8359120993473472,-0.43701818178501955,-0.5528158934602126
-0.35417649941511925,-0.9495473299501209,-0.7058359249916938,-0.7820762425396915,-0.6293725937002305,-0.7330849451324319,-0.7994922325221402,-0.6301314029721988,-0.7631363764254412,-0.8542971272366999,-0.6289376893366103,-0.8604848713579687,-0.42763999955507,-0.5302467138961678
-0.3591752713609983,-0.9594052724792707,-0.7239954286684742,-0.8013537874450829,-0.6286924325261309,-0.7619066135545485,-0.7787583690418994,-0.6255987252208436,-0.7546943651109672,-0.8544949266750176,-0.6338305374593082,-0.8675989352324404,-0.4366149106521442,-0.553191841818191
-0.36003967969247086,-0.9303455447199279,-0.7311530315359619,-0.8049534927214618,-0.6288966923260494,-0.7582883040048128,-0.7786669283353784,-0.6338421307759112,-0.786581812578004,-0.850129772368769,-0.6358902820671444,-0.8910108768301471,-0.4581792391046622,-0.5533627133460107
-0.35389777631537317,-0.931580446201062,-0.7633823481171977,-0.8040804430582729,-0.6316339335222305,-0.7586288934293537,-0.7945290167552844,-0.6259536111429875,-0.779886106596408,-0.8426291880141705,-0.6278402996310789,-0.8726640699574371,-0.44625896557246125,-0.5447031712743364
-0.36340886520816057,-0.9745681693199516,-0.7379913277514861,-0.8224409797850601,-0.6380762266492089,-0.7713712789897159,-0.7842104577972374,-0.6339363807561247,-0.7810192452406666,-0.8593921058333169,-0.627350206976743,-0.8836050947424547,-0.44313278396589484,-0.5557793353318643
-0.37233410134476896,-0.9439530458174964,-0.7289203662685577,-0.8194265389583558,-0.6381854930162149,-0.7904173131937592,-0.8143849681685091,-0.651451614695323,-0.7913232768450991,-0.8545927628794256,-0.6281626838196249,-0.8808843807676343,-0.4509846762746443,-0.5494071520270952
-0.3648111177546626,-0.9537669580551897,-0.743982699716214,-0.8247770099493957,-0.6377908512810632,-0.7698691686066321,-0.8093401944557977,-0.6571822156529189,-0.787642501300179,-0.8659924310439703,-0.628480653972177,-0.9029434842693028,-0.44598543653524403,-0.55588166657818
-0.36032965534294914,-0.9500475657223362,-0.7661920440957808,-0.8280046328457381,-0.6440560832719333,-0.782160860209698,-0.7913304867563286,-0.6608252213481849,-0.7797293817392347,-0.8653708511660615,-0.6279755065318876,-0.8927816859313882,-0.4565407542245999,-0.5534593885754439
-0.36651755736501096,-0.9856597986207928,-0.7487360247990288,-0.8575307321971742,-0.6431664063063588,-0.7909305571746897,-0.8121258717719327,-0.6538766905309377,-0.7848018882211205,-0.8735179401543127,-0.6402731509579315,-0.9038342567377456,-0.4684784820609901,-0.5609670551840277
-0.37591724812482397,-0.9985562610917843,-0.760114728751474,-0.8442782410171149,-0.6438937485460854,-0.791964791499404,-0.8159900729611893,-0.6709602844201012,-0.7963168839908075,-0.8841131386248765,-0.6447504591963501,-0.8935384262809914,-0.4556523034680632,-0.5774512097384072
-0.37880896261149144,-0.9738392626501279,-0.7547287072864146,-0.8521515340266886,-0.6449167496596763,-0.7847327645717339,-0.8336942792515826,-0.667597545801548,-0.8111188852423481,-0.873042072342274,-0.6476131545247541,-0.8946123274364731,-0.467732120605728,-0.5746020241082026
-0.3645538494375719,-1.0041606737914806,-0.7712643560995723,-0.8591180070449658,-0.6658853783853949,-0.8041171410031152,-0.8293468997657888,-0.662247612711089,-0.8026955304012409,-0.8780468885347612,-0.6537435530178443,-0.8825001269912354,-0.4722054070746111,-0.5768496456951846
-0.38575947603691707,-1.0081379514842117,-0.7901557317008994,-0.8535217417085544,-0.6600969652322259,-0.7963793658978262,-0.8505783106892375,-0.6526891875629468,-0.8206158902351688,-0.8980322682216351,-0.656886129857226,-0.9112391942256381,-0.4600507048184215,-0.5922752042390683
-0.37565452183682696,-1.009345811461501,-0.7924438527669869,-0.8401175821345188,-0.6714856473153157,-0.8048767369584681,-0.8412934465042088,-0.6631932156757347,-0.8012471151062228,-0.9038982116614888,-0.6634023027074593,-0.9378463942958924,-0.4526461907027051,-0.5791467453480448
-0.3844521192727225,-1.061319376605564,-0.7879566674565531,-0.8694177092628563,-0.6764986225450194,-0.8212166374952699,-0.8361863095253632,-0.6809631146326128,-0.8198566830196455,-0.9061500285154366,-0.6760868612893911,-0.9325711196823436,-0.48361916610881733,-0.5833675653667154
-0.38450514032662536,-1.0030825126597072,-0.7764694749609546,-0.8675668709163685,-0.6709333964003875,-0.8049997248906644,-0.8592400533379267,-0.6863386530082907,-0.8248064940464799,-0.9092456647193362,-0.6660804442886679,-0.9408253121088168,-0.47457830001721685,-0.597424589468876
-0.3905049522589543,-1.0171619558326688,-0.7811133590703653,-0.8812625763801287,-0.6831152808266651,-0.8323496260612521,-0.8397231154651141,-0.6906641320843252,-0.8325152716981288,-0.9118031281443048,-0.6869255750058357,-0.9294338896432817,-0.49400858571330986,-0.5753192289841479
-0.3860689342884652,-1.011329225307922,-0.7953849360725082,-0.8684786288159165,-0.7082510947499394,-0.8350584830448448,-0.8365340086036123,-0.6840779980466275,-0.8418844831096878,-0.9329517126359395,-0.664982472208847,-0.9567583610809823,-0.4798920574127777,-0.5999896885770625
-0.39335637979027593,-1.0229814526927412,-0.7889469941331678,-0.882143504935213,-0.6895911868861032,-0.8331925881503344,-0.8649391996565362,-0.712132932325904,-0.8443077815620027,-0.9090769632081178,-0.6748415061972116,-0.9522111370867691,-0.4693504812115136,-0.5913002110176835
-0.38760723671266145,-1.0116400550784128,-0.8101011118880218,-0.8693961176248128,-0.6851491235201604,-0.8531045196247906,-0.8914206244566659,-0.6990983142762662,-0.8351571295938058,-0.9009707308969861,-0.6874443537795434,-0.9513999770012596,-0.48982083214145683,-0.611910390421773
-0.39399418178451473,-1.0555297200577909,-0.7981169592792999,-0.9007749652219679,-0.6991946289151227,-0.8296148226817394,-0.8600854985856727,-0.7011968546126381,-0.8484032560668885,-0.9289208113705985,-0.6972961657470886,-0.9620477750645192,-0.48889683929122024,-0.6049719237129418
-0.39806992610708325,-1.0825458791724971,-0.7896040465694584,-0.8829808458366444,-0.6811855041655391,-0.8688668735738726,-0.8626498350735824,-0.691189175093972,-0.8457925615384863,-0.9679619770212984,-0.6938387899870485,-0.9746561998765447,-0.4900636078008366,-0.6170215307817669
-0.3913505892641154,-1.0647105804711323,-0.7904604616358688,-0.880062820117134,-0.678171124842257,-0.8472230327253889,-0.8574667604604287,-0.707773880935374,-0.8566210209748621,-0.947169199980077,-0.7210954888882118,-0.9631064686967232,-0.4933280767039475,-0.6124793599492013
-0.40149571502558173,-1.0735767709006088,-0.8167255399134694,-0.8963683575315413,-0.7008583329725877,-0.8369113418555584,-0.8883026698989329,-0.7242562549356679,-0.8578891949326353,-0.9127513490489408,-0.6877947779655207,-0.9693888979681121,-0.4998570036222301,-0.6194921532866488
-0.4052753248869496,-1.0763317039406262,-0.8126876947100562,-0.9197514982884498,-0.6968551823589181,-0.8728817072698623,-0.8648245982405958,-0.7225332679282316,-0.8665852183808752,-0.9375579906937009,-0.6978804307598231,-0.9741270485390947,-0.501416786210136,-0.6194698297616517
-0.4016396357543208,-1.0649378411137236,-0.8124596325925765,-0.9038097601050348,-0.7088835476586535,-0.851358536463741,-0.8637693477325952,-0.7004210519770363,-0.8652685234837445,-0.9524751190321447,-0.7013615184340276,-0.985054895479079,-0.5007473150751025,-0.6260258506538614
-0.4037805554899707,-1.0832664364320983,-0.8187029950548321,-0.9223660036064955,-0.73631115022614,-0.8506087382385127,-0.8810570305341264,-0.7066699665552454,-0.838130741123593,-0.9868725241590897,-0.7058715496990989,-0.9857525892685294,-0.4916771722780645,-0.612400504233425
-0.4084804406204171,-1.080931440445669,-0.8320896105842899,-0.93312874063937,-0.7211915096802892,-0.8770198757394304,-0.8873920874578168,-0.7320011294307117,-0.8832199568348771,-0.9678735843163142,-0.7346177612111598,-1.0202031879759128,-0.5031995251600081,-0.6278087721955607
-0.40511298237611365,-1.1188402543326035,-0.8229474418638161,-0.9334510187657687,-0.7298164732073252,-0.8733428399746643,-0.9036325207955266,-0.7343520689686768,-0.8791614493489667,-0.9738441792295547,-0.7049511613207059,-1.0101211577635754,-0.5074353239311246,-0.6238657884934191
-0.4176292115104596,-1.0757192031876388,-0.8539676522609028,-0.9266773910442769,-0.7203909548070591,-0.8715956694918192,-0.8989071081023298,-0.7259654662222967,-0.9030130024542392,-0.9631708981363737,-0.7164011943171441,-0.9862014927649195,-0.5027240577705081,-0.6332309128628618
-0.4090410473933911,-1.1105802768389221,-0.8458678686525557,-0.9408529794955841,-0.7218492940371103,-0.8778681725644294,-0.8942008143702258,-0.7434819485469569,-0.8540514081457005,-0.9637217284862213,-0.7241710765964801,-0.9716813976395664,-0.5174561258686073,-0.6289390505375236
-0.4265704339725579,-1.0804197587950723,-0.8488017756775617,-0.9178519629113446,-0.7208759090685045,-0.8677372922163455,-0.8955682060509781,-0.7346545197733368,-0.8838830037495224,-0.9965038269571252,-0.7189112705019797,-1.0093114049948466,-0.5158916571158794,-0.6249939963018332
-0.424925502793454,-1.0921266724571268,-0.8509306358686132,-0.9206554381609409,-0.7398867587493931,-0.8772612418165697,-0.9176551795049875,-0.7472688508240205,-0.9159724319253959,-0.9863860247368241,-0.7241221788388118,-1.0133912525584081,-0.5137886864958437,-0.6334643253495491
-0.42001247826444527,-1.1061712111847326,-0.8649317968786339,-0.9530795522581041,-0.727925160175647,-0.9052189272895957,-0.900965674601851,-0.732518897180684,-0.8874740025657636,-1.002955109327124,-0.7327136581256284,-1.0113438644024577,-0.5213598978392634,-0.6504421653293282
-0.42886968739106585,-1.1115323652267404,-0.8425105334797749,-0.9398890100058367,-0.7474487890001376,-0.8720320395584968,-0.9048482404707172,-0.736272043757596,-0.9003778789350997,-1.0101355809051455,-0.732523179114186,-1.0349264499939659,-0.5284302243194733,-0.6448491032468816
-0.4263487620270439,-1.1142009826969614,-0.8599376609032966,-0.9361452455354126,-0.7344659164123098,-0.9132081224994846,-0.9268729311262728,-0.7614462723700732,-0.8992341306145298,-1.0094108556615617,-0.7320441335469278,-1.0218518545928186,-0.5118844931941,-0.6528952687350981
-0.4293669476166976,-1.1419657526402658,-0.8627422563190478,-0.9641867721137453,-0.728249885574221,-0.9247284562856428,-0.9503369996832918,-0.7478240944548968,-0.9101898636786989,-0.997402215487782,-0.7395176715923946,-1.039618384985408,-0.5283967645971691,-0.6462656158574087
-0.4214725159204267,-1.1216565262231093,-0.8800091020133748,-0.9535770320264959,-0.7579908621673311,-0.8969538992362084,-0.9286138282688051,-0.762364445274409,-0.9055952182494516,-1.0076075278477887,-0.7485668883603477,-1.0442646501349027,-0.5273477236678853,-0.6263527642820788
-0.44028788431884125,-1.1524517459766546,-0.8628757401894447,-0.962616209718159,-0.7612370827034965,-0.942029090987549,-0.9428395240635337,-0.7697374631003098,-0.9026273445507468,-1.0183300557518447,-0.7329214856236143,-1.0340995057481335,-0.5353747033843594,-0.667864306556071
-0.434412482940944,-1.151579752068081,-0.87605713107042,-0.9885299378950673,-0.7442330120874051,-0.9021361906881791,-0.948934289739538,-0.7777360581680792,-0.8978719458653835,-1.023904623011221,-0.747081161071283,-1.028005989559438,-0.5303051831970367,-0.6696608653556668
-0.4306932765297561,-1.1557020276240326,-0.8693171032017054,-0.9874283916930603,-0.757482670777288,-0.9118193115418782,-0.9428283613708702,-0.7695178729489556,-0.9287235046722693,-1.0195646817558925,-0.7592963112642567,-1.062254982263941,-0.5310245528515394,-0.6635250452039327
-0.4301739723059455,-1.1510989993319707,-0.8777615698574349,-0.9853889407118682,-0.7460886463651288,-0.9211753680174101,-0.946817993477567,-0.7748998784869515,-0.9378248901224319,-1.0069454302501741,-0.7556591397593252,-1.060159387023849,-0.5435176885940637,-0.6562324977214499
-0.44066798498426524,-1.1621645757561536,-0.8824630878565921,-0.9716083000165708,-0.7728141883536032,-0.9431844353625161,-0.9584876182004354,-0.7702908031277468,-0.9430128034373391,-1.0310870574758122,-0.7605052676501275,-1.0703863800013704,-0.5421754208682009,-0.6757460209644435
-0.4322273857100511,-1.1625901955348967,-0.8909239876228707,-0.9821484752353512,-0.7779532355235007,-0.9355505363225237,-0.9752770146100214,-0.7827481049746626,-0.942375217856117,-1.04739686612551,-0.7687771696721606,-1.0471285843342304,-0.5347098088437081,-0.6772848202490784
-0.4354508218179106,-1.1471799086834595,-0.8947369204093154,-0.9814756982330666,-0.7820280638718657,-0.9359002675781706,-0.9729501743469441,-0.8025417206843848,-0.9359211592079725,-1.0369321435462753,-0.7744791498409459,-1.0851403212908624,-0.5409095742923006,-0.6758540332013468
-0.44183700268986953,-1.1986199650281366,-0.9021888874566104,-0.9930016705686256,-0.7708034862526152,-0.9383618446332529,-0.9328204642747683,-0.7981293948688766,-0.974145524723526,-1.0617697463557723,-0.7690443979150289,-1.0568895161155694,-0.5462611583212276,-0.6704598717223073
-0.4408930326735672,-1.144367810557844,-0.908205771532087,-0.9996613638418455,-0.7705406637006759,-0.9574930363023585,-0.9585165158757817,-0.7921953050968403,-0.9511817428824696,-1.0476028706001614,-0.7681283469443936,-1.0856453409646674,-0.557870130896788,-0.6744498200693317
-0.44298804992086127,-1.1697375774260148,-0.9107554144220469,-0.996507904731329,-0.7824135144890979,-0.9324958253869048,-0.9748418506439706,-0.8052209196893919,-0.9641705715965568,-1.0542566606594272,-0.799303922029963,-1.0943690346917951,-0.5434006517464243,-0.6783219841578999
-0.4432428893984128,-1.1842552838213505,-0.9016361866751399,-1.0204184520896273,-0.7922543209329526,-0.9428822741903914,-0.9753043973367391,-0.7824200113419926,-0.9600148963343689,-1.0752882728206505,-0.7878827353384881,-1.1185938491023844,-0.552003863966712,-0.6964652721367687
-0.4516836395989986,-1.2193973648013507,-0.9141576074023856,-1.0383625280391935,-0.7888715803161253,-0.9452828372709091,-0.9993648118424813,-0.8065924559757772,-0.9656449388080635,-1.0697406870148882,-0.7647243773495762,-1.1143980764480788,-0.5604950913699764,-0.6770690470656335
-0.4630119531137358,-1.1651392048221152,-0.9322136457584096,-1.0320258357303826,-0.7771681998884388,-0.963679216246314,-0.9879210925389506,-0.7980220157154142,-0.9608620854137585,-1.0743610337189005,-0.7909296203765861,-1.095759514493111,-0.5653945160637037,-0.6847974195599547
-0.44725988200006644,-1.2099035478716953,-0.9083523554525101,-1.0335150844413092,-0.8033855436973647,-0.9614756320035982,-1.0070057453218835,-0.8115846097258747,-0.9735974552502844,-1.0640986993196877,-0.7875500427556975,-1.0981423093680363,-0.5582404727032572,-0.6859312235284776
-0.4517191305999001,-1.1981793908991827,-0.9181059435246472,-1.0226849772679325,-0.8106172182773753,-0.9735772820750719,-0.9932023537076102,-0.8174671161568695,-0.9758900508704766,-1.0518890530362535,-0.8000051395217981,-1.1028181088391855,-0.5553684499601442,-0.6852308812529008
-0.45874653971074325,-1.2374120077910857,-0.9445449616573272,-1.0303089720681975,-0.8101577168371522,-0.9813305468534765,-1.0032943148864264,-0.8163992121481242,-0.9749098718276693,-1.0935870791964166,-0.8007558187501194,-1.119087091536531,-0.5668781087900323,-0.7020497311275806
-0.4573216391758814,-1.2176523058475228,-0.9226062131298862,-1.0460516552703354,-0.8007081150014271,-0.9851359499257574,-1.0064070260811562,-0.8152609351610809,-0.9854896551662989,-1.1070943759470955,-0.8045289614842652,-1.1029852784670722,-0.5733111961255702,-0.7112339164718607
-0.4636920509636367,-1.206240306223109,-0.9445782905473952,-1.0771732514798193,-0.8060438288549958,-0.9799761703141002,-0.9893887919529247,-0.834153761578055,-0.9915038835724134,-1.1050890368773776,-0.8144087664051477,-1.131724413745764,-0.5805985175424342,-0.7006688637661186
-0.4750795442211986,-1.2542418612968522,-0.9334058494820012,-1.0476428170870757,-0.811741069670396,-0.9924615722050194,-1.035200433794667,-0.8261885100738571,-1.0155145604397333,-1.1008869595390216,-0.8129752327450346,-1.1226269783813683,-0.5664303054079604,-0.7192115890853117
-0.4683234991636085,-1.236972888743986,-0.9484875064553608,-1.0451007817384899,-0.8232457150743899,-0.9925603136546705,-1.0314041077980847,-0.812991170147602,-0.9973359373561896,-1.0930633529722915,-0.8209890127338461,-1.1274064802303565,-0.5781637537593338,-0.7006364635664445
-0.4702210542562807,-1.272710040040441,-0.9195353397051865,-1.058703076370399,-0.8261557368365202,-0.9973639213832293,-1.0385867006280258,-0.8242199540508378,-1.0102926892627504,-1.1115838337344308,-0.8331178880348412,-1.1568586132764667,-0.5843091579241965,-0.7217585718960319
-0.4695297709339272,-1.2466179164563862,-0.9535781958726719,-1.0575736702198868,-0.811528308710361,-0.9930445099150081,-1.0437457543298583,-0.8478319422007393,-1.0051598335011889,-1.1241680802918799,-0.8293512011787407,-1.1538608196355173,-0.5819906149787788,-0.7214578698018417
-0.4758492395018965,-1.2533971068665668,-0.9560230210695124,-1.050074846470833,-0.8316280431111523,-1.0003891345818283,-1.029381832102725,-0.8455529996772501,-1.0046281530200791,-1.1175456423969532,-0.8194662101762,-1.1547218391382243,-0.5909769717767658,-0.7176764743535718
-0.4756763833044624,-1.2648039454998514,-0.9659926255779245,-1.0675012646373996,-0.8347908609408892,-0.9963453769899273,-1.021207613661145,-0.8506901394098492,-1.000825090078472,-1.0889854223003923,-0.8392882502244529,-1.169543390179359,-0.5859906995522183,-0.7144320521959746
-0.4770064856197891,-1.2534229726996833,-0.9605129064508873,-1.045358051984723,-0.835357510279416,-1.0018008417912243,-1.0394016874608696,-0.8461307182549804,-1.0313352361263295,-1.1377088494032708,-0.8478358501214778,-1.156035390654562,-0.5790909229476195,-0.7233091920449563
-0.4858540617556304,-1.296400249202089,-0.9634438913708422,-1.0498444822616586,-0.8339868937807287,-1.020620098253027,-1.0365627013862362,-0.8448181075045578,-1.0231141220583804,-1.1214649440236788,-0.8374866310324509,-1.1642681061732065,-0.5917347551059506,-0.7371115563032835
-0.47535435930273073,-1.2856411949449449,-0.9776670430905878,-1.088240333257467,-0.8521566149492011,-1.01953947239584,-1.0535976272466472,-0.8647673264807891,-1.0322860917795629,-1.136190932395616,-0.8350620007528152,-1.1630503133439554,-0.5965942390287751,-0.7359904735247892
-0.4886764952869743,-1.270912642427143,-0.993031277849264,-1.106803825054745,-0.8441381968840429,-1.0448521432390048,-1.049345077761872,-0.8555739166021945,-1.0303703066042655,-1.1285164404368606,-0.8488641439324728,-1.1669605221414214,-0.6056840262104563,-0.7326189963758168
-0.47390379702500146,-1.2789287894214232,-0.967795979874499,-1.09844851393777,-0.8587877480550563,-1.0358658744083005,-1.0591859877902474,-0.8615226151041121,-1.059188151346966,-1.1376876974310541,-0.8380465337705659,-1.1720094291157828,-0.6028438237287852,-0.7478285334382467
-0.4776804018747851,-1.2973021291420455,-0.9793082499818407,-1.0895496847243316,-0.8480489933885421,-1.042167469260943,-1.0754775949667035,-0.8698790674291795,-1.0334999546673056,-1.147868601524351,-0.8570834226558243,-1.1981239225153648,-0.5915792883408286,-0.7324188665422874
-0.49983957449349303,-1.3135175056596817,-0.987060549312075,-1.100649655584551,-0.8568092575071582,-1.0249304007102014,-1.0695614753456015,-0.875842570130269,-1.0559143320414683,-1.1455758507492468,-0.8589745426756425,-1.1897183985030348,-0.6038971862908592,-0.7506029906983172
-0.4787164421166322,-1.3108910968618968,-0.9978818447315074,-1.091259795886671,-0.8703911854609712,-1.0112751088972436,-1.0707360715369427,-0.8932324871933748,-1.0626734476054973,-1.1416893596641398,-0.8529348572476243,-1.1989249901988985,-0.6147881714521207,-0.7532564636290003
-0.49673350098998564,-1.2994239314067595,-0.9820302804229373,-1.128052585281716,-0.8446097505096485,-1.038337607399824,-1.0623080475253195,-0.8955418985202607,-1.0602245830820887,-1.1668236787017323,-0.8557964185670128,-1.196738730903173,-0.6157611611644652,-0.7564987768994181
-0.48921777216814,-1.3143594254026367,-0.984088256941101,-1.1049934226138036,-0.8780968794679846,-1.0464380153728219,-1.0708049116594731,-0.8844305645835258,-1.0600976394909805,-1.1564401005775096,-0.8524946541236919,-1.2115162594673625,-0.6169175169031433,-0.7529258320682805
-0.49898786632065917,-1.337431150588501,-1.0216845198301188,-1.1180585336431539,-0.8640112482849227,-1.0472211505007654,-1.0885221075949838,-0.8676218198095126,-1.0878596857333638,-1.168202610630237,-0.8706065189530647,-1.204657038505777,-0.6091177584249656,-0.7631732560896258
-0.49939124442160765,-1.3196352607781,-1.014798872711091,-1.1231932507528317,-0.8719150967121552,-1.0428744821260223,-1.068615539393818,-0.892854521470582,-1.09419656317522,-1.1787936164693005,-0.8766321247456053,-1.1908574402460674,-0.6037847342235014,-0.7650324200027279
-0.5098982301829788,-1.327050875007529,-1.013310403764993,-1.1075970998417601,-0.8799370018785216,-1.0591396886673972,-1.0803053167450702,-0.8870531868631417,-1.0626383396830068,-1.1741076888493842,-0.8785396000569734,-1.198144730247744,-0.6152405435743797,-0.7521931025380557
-0.5014382962845048,-1.3572699477613885,-1.01655227565831,-1.1253077378778404,-0.8842533893749146,-1.0781431441387233,-1.0974945119785702,-0.8788112678490508,-1.0718770908727004,-1.198168339354902,-0.877041352540062,-1.2294457295246743,-0.5937727085235861,-0.7701459736556645
-0.5052782440399354,-1.3375962933729801,-1.0483434763066675,-1.1256872630267252,-0.8882444569431696,-1.0786348161653767,-1.1347501952237105,-0.8945671499184429,-1.0974597114423812,-1.1923445131701789,-0.8987027597956232,-1.2242002285268372,-0.6236434794396344,-0.763812160594939
-0.5137905471044834,-1.3433086946350106,-1.0089555075497219,-1.1345125816244328,-0.8686908992170711,-1.069836755654405,-1.092735030745219,-0.9246604629660727,-1.0885121914075016,-1.175163322855212,-0.8914978857932416,-1.222391995372735,-0.6202670223286043,-0.7692109464089358
-0.5108013548547654,-1.3457019406234538,-1.024296805161388,-1.1355749804955493,-0.8842583081161568,-1.0963759695460464,-1.1213686819455226,-0.8978884076618743,-1.0843977416606594,-1.1884182469489075,-0.8782197661819076,-1.222372309871284,-0.6234779901165032,-0.7909204876124043
-0.5120811352606807,-1.3854577763090041,-1.0409927682040903,-1.1556604141950448,-0.8912416529499898,-1.0732542475375366,-1.1140000850304796,-0.9022550096712519,-1.0832958276887068,-1.2063655275155765,-0.9000792119229741,-1.2297773217467132,-0.6199444827653847,-0.7677583922156995
-0.521685686044289,-1.3644383926923929,-1.0249419749870032,-1.163408490228732,-0.9024492511442692,-1.084984526383349,-1.154921717814258,-0.9116901085390297,-1.0947801885793995,-1.1865048926261594,-0.8968728431174026,-1.2356680853047697,-0.6242198376741362,-0.7718876943892091
-0.5177131948671441,-1.3495406748875105,-1.0310749427180017,-1.1466238734794425,-0.892190102716591,-1.114049901373453,-1.1375306500229438,-0.914809121161619,-1.0870526236950262,-1.2328899626652792,-0.892414886850943,-1.2601151510987019,-0.6343068991638872,-0.7874799598068363
-0.5129993398517916,-1.3473791831378228,-1.0463066281942324,-1.1737953852104779,-0.8917967204062268,-1.0984027667266818,-1.1207558739525643,-0.9179480446867087,-1.0997160487893984,-1.229676582517205,-0.9046290283207739,-1.259936201877198,-0.634768887891584,-0.774442713540054
-0.5129146288639487,-1.3609452920646998,-1.054722908507814,-1.154319627592999,-0.9231943322431259,-1.1080512949353252,-1.108085209794036,-0.9239806532621193,-1.1107862697665112,-1.2089121501175208,-0.9174889309202956,-1.2632263621102033,-0.6409375556531374,-0.7968072340998394
-0.5213286834156622,-1.3813238484242383,-1.057033959664041,-1.1659878555983254,-0.9183759412868925,-1.105595747758653,-1.1307029227964844,-0.9211036279512036,-1.126391128445637,-1.1953187186753518,-0.9114196391360387,-1.2442923286293317,-0.6434392067709793,-0.7836848021936819
-0.5192666028690065,-1.3991865160302266,-1.06875109786413,-1.163170372428967,-0.9254877945689255,-1.09402428617029,-1.133217951533008,-0.913146142410371,-1.1288425411201963,-1.2324390649342774,-0.9014041140460668,-1.273010776069573,-0.6383221792934713,-0.7945022622730725
-0.5326318464155888,-1.3842382116834722,-1.0469688595316813,-1.190636469600658,-0.9129179245728867,-1.097588831834631,-1.12965379333825,-0.9353888315664993,-1.1232296157998083,-1.2205385179316761,-0.8929763284831331,-1.2702015864797815,-0.6544091729304204,-0.8033721106777397
-0.5117940979174064,-1.382855677717454,-1.0547373249903345,-1.1952827941876598,-0.9015236307148408,-1.1040391475522697,-1.1605782143158432,-0.930659847348602,-1.1091395975787979,-1.2369924709553348,-0.9248621314633803,-1.2928615125558318,-0.6468507466223093,-0.8068978470093718
-0.5277258007545825,-1.4324947767234812,-1.066566849900718,-1.187770114202509,-0.9315814079352949,-1.1159959973544378,-1.1665923905506095,-0.944850425216551,-1.1218722352595767,-1.2349314534311915,-0.9154989892832172,-1.2869020091089158,-0.6492805218303107,-0.8040359317665893
-0.5267821779085683,-1.3974672915076345,-1.0964957698592732,-1.1924643880186505,-0.9297509461613878,-1.1313675744339842,-1.1545605471770617,-0.96023156395055,-1.1213115560614548,-1.2510940886811708,-0.9295348516045882,-1.3028434633965627,-0.6511241671448383,-0.7886908021539122
-0.5315925045588052,-1.40567348384016,-1.0724819220809492,-1.2125671649059218,-0.9270440428154552,-1.1231060308984928,-1.157783803318418,-0.9525333078060643,-1.1182065425085714,-1.2404678317051623,-0.9294066451962562,-1.3080291430988165,-0.6607562383986408,-0.8063767733680101
-0.5369235761571647,-1.427244549440246,-1.1132914272347434,-1.1999679029737385,-0.9339287923754379,-1.1220801444972222,-1.1641545404244336,-0.9562555032734465,-1.1201327125152645,-1.2325202430906483,-0.9280395133228653,-1.3100719695949454,-0.6558067882268201,-0.8160179908667368
-0.5293820200153567,-1.4150471384255274,-1.076817144847084,-1.207373360203296,-0.9491242902514196,-1.1540354251370966,-1.1786769361946896,-0.9606462798582368,-1.1469202383191874,-1.267043519970724,-0.9253276832130882,-1.3152936725676994,-0.6622662068988208,-0.8058297075052202
-0.5338869750664419,-1.4299730571055587,-1.082333824914904,-1.227179497815253,-0.9422330832278394,-1.1519128219060817,-1.1659473656499337,-0.9612976470395098,-1.1535477768590914,-1.279695435529058,-0.9484896497061809,-1.2965877178066676,-0.6574010436009188,-0.7980656395421278
-0.5380499894921285,-1.4190237676257795,-1.0921873849482004,-1.2062809650043644,-0.9567631559204476,-1.1565554544394525,-1.1592537680238546,-0.9503684276001875,-1.150014708921506,-1.2680757419388964,-0.9307284458679859,-1.3029947686303234,-0.6592665590948787,-0.8150676751318491
-0.5387202141247095,-1.4132978157004816,-1.075229206416738,-1.2151031015920293,-0.9494741802047778,-1.1600281636444545,-1.206152718948273,-0.9673845416564375,-1.1625175268514742,-1.2893555656117859,-0.9578920310662264,-1.2905438855285667,-0.6739432317739691,-0.8325073625733747
-0.5416651854592254,-1.4365633672642986,-1.108511678949581,-1.2302759418542633,-0.9578623451844496,-1.1440964678574506,-1.2033740967605158,-0.9633963792575059,-1.1834510183805764,-1.2881771287559727,-0.9470169560822126,-1.3277854600049355,-0.660786586834903,-0.8316936090766952
-0.5421577564560288,-1.4536409484821828,-1.1104999393001194,-1.2404413189689065,-0.9641636477944447,-1.1668040492532756,-1.1998002387001245,-0.9886174940039308,-1.1886576551047174,-1.267461032304772,-0.9569778852094996,-1.3077981679359558,-0.6679530766005144,-0.8261404307703516
-0.5552648555517289,-1.447097340084246,-1.0955683013549347,-1.222820342204937,-0.980549929435336,-1.1397602153692463,-1.1887112061140983,-0.9721579904777952,-1.1595171753306495,-1.3024661484443478,-0.9486160075461276,-1.3406497825925685,-0.6669975036446572,-0.8501216908187095
-0.5503491763605953,-1.4669727273763649,-1.1036054462372802,-1.2190528289441729,-0.9418212284891029,-1.1577440349850032,-1.1958363516837371,-0.9731597256601884,-1.2030372380178833,-1.3017472409352886,-0.9601265169437747,-1.36390953984448,-0.675437550152144,-0.8340137868008022
-0.5445887668978243,-1.4412629710586493,-1.1236616944218796,-1.2255296770839776,-0.9766438759052408,-1.1562579570405422,-1.2133964169990819,-0.9763772694672698,-1.1924694257382342,-1.2929337763311886,-0.9757707656356132,-1.3368318302192614,-0.6847780413142013,-0.8332463541840761
-0.5541382606087492,-1.4558433612409132,-1.105706499432305,-1.2518718134243336,-0.9730893647603184,-1.1673881297124309,-1.2121563652192668,-0.9659182944841275,-1.1891467287169766,-1.308834333321462,-0.9667028852723211,-1.347168091843525,-0.6786209818515954,-0.8286560497096952
-0.5587634511782303,-1.4840699480210076,-1.104987068367238,-1.2178092870659338,-0.9608308324240882,-1.1667027112367818,-1.198875599463635,-0.9943313944613094,-1.1818176622147032,-1.3168915029437096,-0.9701729266274518,-1.3328874380850018,-0.6827639647935055,-0.8531557142346957
-0.5666690824058951,-1.4898669775573437,-1.1414202772829283,-1.2472776390995,-0.9741705989613115,-1.2089523177901504,-1.2178864634668887,-1.0147900615025351,-1.1839115995606175,-1.3387534794559461,-0.9903022901658084,-1.3593889131035262,-0.6878743163817549,-0.8541163860694878
-0.565848327658164,-1.472023058952506,-1.129066442023716,-1.2675571446919496,-1.0009960355449365,-1.1881630165522468,-1.2084640539649874,-1.0022725183758174,-1.187445893221349,-1.329008806826288,-0.9829964219773913,-1.3304650445143613,-0.6922788323108906,-0.8587083429357163
-0.5585116671704777,-1.4988712978320735,-1.1539310933656914,-1.2681323998801686,-0.9717178574472833,-1.1821841807086093,-1.2118849806084795,-0.9981681446566605,-1.2160765456501625,-1.3314301070363501,-0.9683880324155777,-1.3449437245077556,-0.6918034438463069,-0.862674235774546
-0.5594970002184323,-1.4979469299660948,-1.1229676354515326,-1.2363348200004174,-0.9907493231807121,-1.2086141320297497,-1.2552462964972155,-1.0401972367463712,-1.2013839424140846,-1.3402655472109124,-0.9743488643033358,-1.3511512583468623,-0.6838477113714845,-0.8522219364068092
